19 337 0.686144 0.0169846 2.83658 189.928 0.55579 
151 248 0.511556 4.82124 5.16393 201.799 0.714221 
26 172 2.2026 5.32816 2.30371 210.482 0.424236 
38 298 1.25445 16.0185 1.85013 208.406 0.466426 
16 279 5.2739 13.2067 1.15043 203.984 0.708243 
62 175 0 5.26432 32.2731 187.888 0.422573 
185 173 2.14759 4.83609 13.5226 217.637 0.450342 
no face!
123 202 1.25905 2.45433 3.20946 218.564 0.45997 
134 209 0.584631 4.08054 3.41685 210.014 0.512046 
125 207 4.21418 3.12814 3.85371 219.953 0.477363 
158 186 2.69428 4.45362 6.25771 218.9 0.473095 
166 189 1.93059 1.87212 12.6587 215.469 0.432603 
127 208 3.57633 1.7815 10.3546 215.854 0.527378 
162 175 2.89858 4.98319 4.70888 199.161 0.344807 
106 230 3.46823 5.86904 10.0656 199.085 0.535706 
70 225 4.57392 9.00789 8.26363 203.525 0.485368 
62 234 2.18164 3.28988 9.21043 199.056 0.468866 
20 308 5.15855 5.9173 11.0979 212.354 0.578204 
44 378 3.7314 3.76487 12.7195 210.933 0.714398 
78 361 6.85512 12.5555 10.2301 214.724 0.766369 
120 183 2.17474 17.253 6.8069 156.833 0.551644 
19 188 7.62815 1.78549 5.32568 204.614 0.431162 
22 251 5.46384 10.2517 3.93782 208.3 0.59345 
167 174 2.14759 8.97694 0.780712 201.901 0.576135 
191 171 1.48787 7.40556 15.0621 202.372 0.4889 
16 183 0 8.52088 8.19163 214.206 0.54091 
136 225 1.63658 0.941761 9.78388 200.712 0.641966 
152 222 0.556252 3.4415 8.71221 203.447 0.651401 
122 227 2.77917 2.39787 9.09977 202.213 0.597971 
17 238 1.76239 13.0859 2.77724 206.026 0.510763 
105 259 0.502582 7.57617 5.76805 214.98 0.599707 
18 292 0 5.7548 7.90526 217.597 0.590351 
115 259 0.469627 8.34295 9.20022 215.033 0.603517 
45 278 0 6.48 3.33333 214.56 0.557725 
16 211 2.41103 6.12669 0.661835 212.546 0.469742 
33 197 1.95251 14.3275 13.0246 219.361 0.537462 
16 152 6.78897 21.6868 18.7773 191.125 0.473981 
50 262 3.0394 30.5427 6.0408 219.859 0.486815 
94 226 5.82634 12.3586 15.2517 179.437 0.430027 
199 180 0.71616 16.5029 29.9625 178.131 0.433562 
140 298 0.400663 0.936477 15.3691 195.904 0.655632 
127 262 0.473508 2.02364 12.5809 199.397 0.556967 
15 426 3.90049 2.71058 16.9002 177.058 0.61013 
168 236 0.54051 0.0600981 3.18482 192.59 0.649132 
18 184 0.71616 8.28094 5.08691 198.166 0.451056 
89 226 0 3.67907 3.9247 212.089 0.456526 
18 174 3.25195 31.6276 16.7235 186.227 0.450662 
43 224 10.8139 34.9859 16.4468 177.608 0.560984 
19 296 1.58017 5.76406 12.8728 209.731 0.600171 
137 183 6.1155 1.60802 6.48913 184.755 0.463146 
124 184 1.38035 1.44495 14.966 205.661 0.404045 
18 197 0 11.157 8.9313 223.813 0.507516 
112 263 2.7927 3.85806 9.23984 200.278 0.598694 
27 480 2.73815 39.6737 0.142479 96.964 0.632817 
136 310 3.17983 19.4607 3.32976 195.617 0.554291 
96 315 3.01279 9.38043 8.4 190.594 0.570051 
32 171 3.86546 8.93387 9.85534 191.614 0.44083 
196 165 1.50744 35.1853 4.32809 176.891 0.51369 
34 168 6.00901 11.2476 0.200285 197.97 0.40552 
35 181 0.698694 7.51306 13.9205 193.074 0.468513 
113 177 2.89858 13.9959 15.6281 190.697 0.657452 
24 215 0.572939 0.904133 17.8439 179.437 0.45531 
53 241 12.5288 11.4227 7.79499 183.095 0.699557 
29 312 1.13069 3.81554 9.97856 216.16 0.511125 
135 299 1.16914 2.24612 6.08191 193.075 0.532622 
87 290 0.409249 15.0311 2.57065 184.345 0.526134 
44 236 0 5.13774 0.214823 162.48 0.425775 
40 171 5.12819 0.324769 3.02036 182.73 0.569272 
63 174 2.1211 2.23861 0.447517 198.662 0.456452 
105 250 2.40597 0.505925 8.59594 189.721 0.665923 
157 251 2.02732 12.154 19.6215 204.828 0.505953 
14 154 2.83411 7.63198 1.35933 217.853 0.423034 
164 213 4.08562 4.01019 8.42861 209.89 0.539889 
80 182 2.72631 8.44208 5.11649 174.897 0.469163 
139 223 0.54051 0.0250893 1.32951 211.569 0.552696 
22 273 6.65443 39.107 4.86628 175.401 0.682288 
147 225 7.6668 3.31428 19.0052 185.896 0.585539 
110 205 1.21888 3.29657 10.1123 193.732 0.602921 
135 228 7.4543 2.48102 17.6989 183.622 0.599055 
18 175 1.28733 12.6709 0.385563 198.479 0.400159 
55 291 2.90382 13.2381 6.01605 131.491 0.52706 
27 325 5.2624 5.51442 9.24464 175.711 0.439318 
15 357 5.01311 14.8913 8.54232 187.356 0.463843 
16 382 0.295336 7.59642 11.3423 191.517 0.668994 
54 295 0.400663 2.26699 3.65859 203.409 0.443293 
177 227 1.62115 0.464677 8.55 201.435 0.549498 
31 193 1.31691 11.6905 5.25011 195.602 0.41863 
98 179 3.05288 33.317 5.30389 200.024 0.630282 
19 170 0 2.47992 10.3512 215.266 0.414572 
203 181 2.2026 17.1534 3.92212 200.829 0.522755 
19 336 2.1081 3.92769 10.0518 231.469 0.560286 
43 270 0.939191 30.1954 5.75851 192.687 0.543652 
92 232 1.09122 1.62898 8.93283 199.098 0.492523 
15 166 0.734521 14.4465 3.80582 192.582 0.487029 
85 185 0.674037 0.407893 11.5513 207.254 0.419778 
24 269 3.57633 12.8143 20.5688 212.248 0.628295 
74 184 1.4321 3.46238 2.31136 186.574 0.433896 
107 226 0.561705 1.32654 11.1928 189.968 0.601529 
210 173 0.725224 3.41745 1.09756 186.659 0.514101 
136 204 0.609507 0.0495952 2.33058 183.265 0.540104 
164 236 1.06091 1.83767 4.59622 189.563 0.619763 
76 235 2.53356 18.0046 25.9931 179.291 0.44692 
183 210 4.39871 10.0775 25.7877 185.682 0.5923 
16 179 6.18862 4.23418 5.7781 206.774 0.565969 
20 158 0.609507 0.405418 17.3017 202.693 0.468368 
91 299 0.403485 1.14851 8.46025 201.395 0.488609 
124 274 0.916654 8.67041 9.24872 198.906 0.64635 
136 237 9.54913 0.600517 9.25391 194.522 0.584927 
16 164 7.35238 5.13624 13.027 185.717 0.588849 
53 339 2.05765 2.13024 14.6864 206.574 0.635608 
15 179 1.606 14.3758 11.994 195.705 0.517616 
15 181 8.1301 2.24285 10.0151 212.222 0.460328 
151 239 5.10217 6.93373 12.3265 202.079 0.661827 
153 225 2.72631 8.24197 11.3126 197.553 0.637341 
133 228 3.81407 4.13229 11.0381 191.336 0.637854 
21 423 1.37045 1.20499 12.0326 182.966 0.718232 
104 329 2.89858 5.12038 14.3382 188.081 0.692879 
109 336 2.40021 5.22202 14.7565 186.644 0.704485 
159 236 4.1223 11.6968 8.33829 209.536 0.545596 
105 237 15.3008 2.1877 3.15701 174.133 0.463332 
167 228 1.04163 3.19102 10.2578 175.379 0.596154 
73 363 8.17276 6.32963 8.60202 180.233 0.566578 
39 246 3.88791 33.1722 0.244087 182.857 0.389682 
16 167 0 11.1013 13.7915 177.385 0.395138 
26 181 0.6662 2.89068 17.0944 177.79 0.450696 
108 198 3.57633 33.8484 12.4067 182.561 0.504928 
138 243 7.25319 3.68974 7.04169 186.659 0.650684 
74 172 1.52753 2.25168 11.0758 213.03 0.403732 
183 227 4.31603 2.98188 14.8903 196.035 0.505614 
60 269 8.53077 19.9673 15.1969 195.587 0.469922 
155 262 1.804 2.68891 10.6395 163.287 0.715953 
43 353 7.76517 2.90719 7.70531 185.662 0.476956 
48 261 1.94149 18.8413 4.0262 174.908 0.605831 
46 262 3.25722 21.2085 8.26429 177.593 0.660305 
92 222 2.83411 1.42342 12.0391 200.964 0.682354 
171 237 1.56222 2.99033 9.354 203.613 0.504113 
184 231 4.04958 5.40048 7.77033 207.26 0.587525 
119 199 2.48955 2.33368 6.74834 174.529 0.458462 
35 249 2.46812 6.78482 4.92012 207.112 0.418828 
65 182 1.39718 4.09892 5.98455 196.858 0.417501 
21 252 0 7.55132 6.11616 193.183 0.473267 
182 195 2.48955 0 0 173.808 0.507102 
17 210 4.61992 1.79376 5.68895 193.761 0.424584 
71 343 0.686144 8.89233 0.238381 184.623 0.472554 
65 422 2.72631 8.25801 8.02148 179.863 0.478859 
70 350 1.06091 13.1603 11.4996 209.566 0.516551 
124 248 6.44953 8.86633 9.23872 199.999 0.645067 
78 266 1.86262 7.65324 13.867 199.571 0.650205 
103 252 1.94149 3.51076 13.574 197.584 0.632328 
126 230 5.71059 2.09471 17.6858 186.282 0.602318 
102 229 1.02303 4.89137 15.0553 190.127 0.622283 
117 180 0.698694 1.59795 7.92 209.159 0.50961 
17 215 4.26789 9.82362 14.6643 181.891 0.427862 
99 224 1.68468 3.86675 6.97155 198.557 0.6815 
27 269 3.17983 3.90415 8.46985 186.993 0.48782 
69 259 1.36393 0.786272 9.09557 201.015 0.731727 
90 261 1.38592 2.26707 11.1915 196.644 0.729958 
97 272 0.888235 0.740087 2.73697 192.825 0.714664 
142 200 0 35.2749 22.8865 164.641 0.622815 
147 174 3.48933 4.6654 5.70848 189.927 0.504711 
107 269 1.77604 9.76764 9.97496 195.089 0.498652 
131 218 2.26795 1.10903 5.50477 190.128 0.603388 
156 222 1.1233 7.05747 6.79245 198.521 0.546442 
129 232 0 0.0142558 1.52533 202.029 0.700745 
183 201 0.61606 3.01744 5.29155 203.29 0.525372 
135 232 4.63546 6.9468 25.4534 183.83 0.515275 
202 169 5.06362 3.08793 2.5128 188.468 0.520827 
188 207 4.04449 5.58053 4.54272 177.852 0.560431 
24 181 10.5735 31.397 32.4956 198.985 0.410751 
84 329 2.88038 2.64579 18.8239 184.175 0.635033 
103 219 0.578726 0.178145 17.6364 199.189 0.586332 
186 209 2.41103 1.39385 1.65279 209.046 0.532296 
23 261 4.80349 9.14242 15.1068 195.32 0.490693 
168 196 0.61606 2.57496 9.6359 201.663 0.575584 
67 172 7.0284 23.3122 4.11231 209.6 0.442142 
36 184 0.753848 7.74557 7.40447 146.267 0.439887 
32 242 2.60256 8.16331 13.2947 216.228 0.465413 
176 179 0.707319 3.47563 5.74136 210.404 0.512623 
36 303 4.93416 14.1593 12.1887 191.525 0.445381 
65 233 5.8696 1.87225 19.606 177.454 0.593506 
184 228 1.59114 1.20201 10.2682 204.518 0.547969 
42 373 7.34301 4.13306 11.1357 180.14 0.760356 
17 155 6.63251 27.278 3.55476 223.203 0.482411 
122 282 1.25445 4.04105 8.95746 201.068 0.660274 
28 332 6.41879 0.269909 11.9388 182.603 0.694445 
103 324 5.1611 6.17608 6.16525 182.214 0.409083 
123 302 4.33827 3.70583 15.7757 181.217 0.757637 
115 173 2.86241 0.292207 5.84492 192.371 0.330594 
142 223 1.606 1.25236 10.9901 190.218 0.459214 
52 185 1.39718 5.6063 9.82292 188.162 0.433325 
142 253 2.38594 5.6027 7.98303 192.278 0.667552 
129 288 1.69716 6.27683 10.5541 192.148 0.694516 
114 249 1.01398 22.7687 5.38939 215.857 0.434155 
93 178 2.75911 1.18704 10.4144 205.294 0.467312 
194 171 3.57633 4.89588 25.5681 170.499 0.500388 
193 195 0.609507 3.34154 1.7624 167.871 0.550686 
184 180 2.1211 7.09293 2.4103 184.296 0.610056 
34 195 4.44738 5.08852 10.2694 179.381 0.381205 
77 179 4.76364 8.52127 10.6114 162.616 0.504411 
124 270 0.924045 1.61395 7.11795 174.806 0.51478 
127 246 7.00127 3.10671 3.4931 203.23 0.524307 
169 235 1.57655 1.73681 9.37697 201.498 0.57753 
21 280 4.23639 1.65621 14.5408 212.428 0.642922 
102 176 4.93922 2.61638 2.79657 207.911 0.36815 
170 225 1.1124 0.515996 5.43496 201.79 0.56762 
46 273 1.33222 1.07168 6.56565 206.897 0.623306 
150 223 2.29061 1.29315 2.24814 187.074 0.641348 
140 232 1.09122 1.70205 1.25943 182.758 0.672653 
142 238 0 2.47729 7.44609 177.937 0.671635 
141 241 0.507029 2.81704 6.66908 178.911 0.675142 
149 194 3.81407 3.9449 11.5921 217.543 0.453247 
156 186 3.99091 4.32668 3.16639 220.046 0.466473 
137 204 3.57633 5.00841 6.23903 214.815 0.482161 
176 179 0.707319 5.55513 18.2278 176.653 0.501046 
77 228 3.85064 4.10224 14.191 180.188 0.515205 
165 192 1.97493 6.97206 14.5664 167.271 0.531642 
82 171 0 15.715 7.17276 202.577 0.534088 
158 181 4.03771 6.22378 7.70575 219.639 0.437618 
17 190 1.93059 10.8376 26.2626 163.918 0.42494 
151 187 2.63243 0.24083 6.98804 221.432 0.471633 
59 255 2.55615 7.39072 2.4756 205.726 0.524517 
189 206 0 7.02179 1.83373 166.146 0.447757 
15 193 3.7314 2.13712 8.20406 195.474 0.503604 
189 210 1.82797 5.22745 6.75043 210.96 0.510156 
154 271 0.447614 5.26466 11.597 218.516 0.656463 
154 225 1.6523 2.94151 13.5391 214.509 0.605806 
187 208 1.21888 2.32627 9.64125 214.5 0.611003 
201 185 2.75911 2.77035 9.97547 214.062 0.576534 
50 180 0.71616 2.86976 9.18975 198.04 0.536606 
189 180 1.38035 1.68168 9.23511 212.348 0.613755 
128 315 0.364936 3.11444 1.75435 182.926 0.733082 
118 267 2.21966 6.23165 1.46146 196.302 0.651865 
131 207 2.48955 1.36724 18.1933 183.129 0.543647 
read image failed!
