0.999998 256 246 287 392 337 409 470 408 405 491 356 553 456 553 0
0.999999 274 161 212 301 326 284 427 284 373 339 337 392 417 393 0
0.999999 239 301 288 360 317 434 449 437 382 516 330 572 434 574 0
0.999858 294 174 185 250 333 264 418 264 372 315 342 357 416 357 0
0.999945 241 251 210 298 295 371 395 373 341 429 304 476 387 477 0
0.999999 221 259 300 421 286 427 434 428 352 519 305 588 418 589 0
0.999972 266 210 192 256 310 311 398 308 350 356 319 403 389 401 0
0.999994 317 191 211 296 368 311 464 305 416 366 383 416 462 411 0
0.999999 233 299 233 318 285 423 396 424 333 493 300 547 384 547 0
1 197 244 343 471 268 425 437 428 341 529 284 605 418 607 0
1 190 106 256 372 241 251 355 252 282 320 251 385 342 386 0
0.99998 203 226 229 302 259 338 365 337 310 400 273 450 357 449 0
1 200 233 330 413 272 391 436 395 346 506 289 553 416 556 0
1 141 206 476 604 242 420 489 424 346 569 269 678 446 683 0
1 204 314 310 416 268 486 420 490 333 579 285 647 399 650 0
0.999999 234 265 307 429 306 438 456 445 373 536 319 603 433 609 0
0.999999 198 302 332 456 278 485 439 486 353 579 297 659 415 660 0
0.999999 263 228 244 336 320 367 431 362 370 430 334 481 428 477 0
1 206 194 272 364 278 328 402 345 329 400 277 468 371 482 0
0.999999 184 240 368 504 267 447 455 445 361 554 295 643 439 641 0
0.999777 228 347 312 423 303 492 456 496 374 590 316 666 435 669 0
0.99999 290 319 206 272 334 418 428 420 371 479 347 526 418 528 0
1 216 213 276 380 285 362 415 364 345 442 301 508 400 510 0
0.999944 251 262 200 275 306 379 397 377 350 426 316 474 390 473 0
0.999944 207 237 192 267 250 340 340 342 292 399 260 433 338 434 0
1 184 226 265 366 244 367 369 377 292 446 250 503 347 511 0
1 174 246 355 489 253 430 427 438 328 532 267 624 396 631 0
0.999998 171 411 240 343 226 552 337 551 277 622 240 674 329 674 0
0.999995 253 290 270 370 314 442 450 427 386 512 346 586 449 574 0
0.999999 234 293 280 392 304 451 441 447 373 534 326 602 430 598 0
0.999997 253 413 241 335 315 552 426 552 369 620 327 670 419 670 0
0.999999 195 195 218 298 248 304 353 311 294 367 251 416 337 422 0
0.999999 230 280 246 327 289 409 405 408 342 481 307 538 392 536 0
1 232 305 235 302 295 421 405 416 350 489 315 540 397 537 0
1 178 286 294 415 264 463 403 457 343 551 280 607 395 602 0
0.999999 240 255 230 316 301 378 408 378 354 451 315 500 399 499 0
1 140 259 363 470 216 441 389 435 293 532 242 623 372 618 0
0.99999 219 325 234 320 278 441 386 438 330 503 292 555 386 552 0
0.999969 220 188 186 254 269 287 353 287 313 333 277 375 350 375 0
1 183 254 356 441 287 408 459 412 380 518 306 590 435 592 0
1 177 241 345 440 272 403 436 404 357 506 291 576 415 577 0
0.999997 192 269 232 320 251 396 360 408 298 465 255 508 341 517 0
1 229 237 238 335 284 375 394 374 332 446 298 498 390 497 0
0.999999 185 401 273 382 255 552 383 549 321 633 270 691 380 688 0
0.999993 188 148 242 355 247 292 363 294 300 365 262 420 350 422 0
0.999999 296 248 234 321 354 380 459 377 400 441 368 500 448 498 0
0.999882 235 170 194 287 283 286 377 284 329 346 293 386 377 385 0
0.999999 236 310 277 384 294 461 429 465 350 546 302 603 416 606 0
0.999991 240 138 283 387 309 289 438 291 367 358 320 431 423 433 0
0.99999 350 323 232 305 418 427 527 439 470 494 418 541 505 551 0
1 223 262 262 373 295 408 425 410 366 484 309 549 409 550 0
1 224 289 288 394 289 436 431 441 352 512 304 591 413 594 0
1 202 287 260 344 258 418 383 412 317 481 275 543 378 537 0
0.999996 233 319 289 392 303 466 447 470 371 549 310 613 432 617 0
0.999994 308 231 233 318 361 338 467 339 406 408 373 466 456 466 0
0.999997 235 212 227 315 290 329 398 325 342 398 310 452 393 448 0
0.999997 216 183 232 327 280 310 389 314 336 377 290 432 374 436 0
0.999995 248 234 222 303 305 354 405 356 350 415 317 464 392 466 0
0.999999 185 165 274 382 252 318 381 315 314 398 269 459 376 456 0
1 228 195 248 360 294 341 409 346 348 418 306 469 399 472 0
0.999979 223 190 305 378 303 329 444 343 365 432 311 477 417 489 0
0.999998 233 122 264 347 300 252 419 261 351 338 310 381 406 387 0
0.999997 221 204 299 381 296 339 436 342 360 422 308 493 418 496 0
0.999996 187 94 345 492 259 296 433 284 342 413 293 481 433 471 0
0.999984 236 277 267 363 307 419 437 417 375 493 323 551 428 549 0
0.999994 250 258 219 279 307 366 403 364 354 425 323 469 395 468 0
0.999997 212 413 290 394 274 564 413 567 331 640 290 718 390 720 0
0.999999 212 400 276 376 279 540 405 547 328 603 285 683 383 689 0
1 195 420 280 381 264 567 393 575 319 641 273 710 372 716 0
0.999998 226 348 260 369 294 491 416 494 349 557 308 633 400 634 0
0.999972 282 279 201 269 334 380 430 378 379 432 341 478 424 477 0
0.999986 242 250 280 377 316 391 448 399 377 472 326 534 425 541 0
0.999999 240 415 272 364 305 558 433 558 364 620 317 695 419 695 0
0.999999 241 275 251 343 303 415 419 414 357 490 321 541 411 540 0
0.999997 236 298 266 341 307 426 428 420 372 491 329 555 423 550 0
0.999999 276 193 242 335 327 331 436 323 377 403 356 458 437 451 0
0.999991 213 203 291 411 292 352 428 358 355 428 304 514 407 519 0
1 228 320 247 348 296 462 408 467 347 530 307 589 394 593 0
0.99993 247 463 212 285 293 571 389 574 335 635 303 676 380 679 0
0.999998 196 238 276 381 263 378 388 383 315 453 271 518 373 523 0
1 198 227 394 553 281 455 484 458 373 579 309 675 456 677 0
0.99994 256 271 190 251 301 372 389 374 339 427 305 452 387 453 0
0.999997 236 253 220 303 295 372 396 375 341 430 305 489 381 491 0
1 185 271 349 473 259 462 428 457 336 568 287 642 416 638 0
0.999997 208 321 325 416 273 498 419 489 337 586 304 656 414 648 0
0.999998 173 311 361 476 253 503 425 501 331 613 276 684 407 682 0
0.999995 230 226 256 372 291 369 409 379 336 453 296 501 395 509 0
1 125 232 380 481 210 400 400 409 292 533 230 605 364 613 0
1 102 246 339 429 189 394 357 409 262 511 198 576 314 589 0
0.999998 212 310 300 411 277 453 431 463 343 560 295 629 405 636 0
0.999998 206 274 333 442 277 431 447 437 348 544 299 616 422 621 0
0.999998 171 323 266 333 238 439 370 448 298 527 247 577 343 585 0
0.999994 243 289 268 351 306 416 433 425 361 507 316 557 411 564 0
0.999993 228 305 302 401 295 449 437 451 358 548 312 607 420 609 0
1 167 215 404 530 255 431 456 424 350 536 290 642 437 636 0
0.999994 258 179 206 287 306 294 402 291 351 348 321 399 396 396 0
0.999992 231 348 250 328 291 457 406 459 340 534 301 586 399 588 0
1 201 248 302 401 275 405 418 402 346 491 295 555 406 552 0
1 227 287 289 384 297 436 437 439 363 519 314 586 419 588 0
1 172 228 281 371 246 371 378 372 311 451 263 513 363 514 0
0.999997 247 256 233 316 304 379 410 383 351 452 315 496 399 499 0
0.999934 285 196 180 257 328 291 412 291 366 342 334 381 407 382 0
0.999996 302 296 246 340 353 439 467 429 408 504 379 562 469 554 0
0.999993 275 235 224 306 323 353 430 351 370 415 336 465 425 463 0
0.999998 269 300 263 324 335 421 461 416 398 486 357 550 449 545 0
1 203 297 265 370 270 448 395 450 327 522 282 581 384 583 0
0.999975 287 251 194 267 329 357 417 362 364 411 336 454 404 458 0
1 225 389 253 344 290 531 409 536 345 602 302 659 392 663 0
1 241 359 269 355 318 506 443 500 385 574 339 637 434 632 0
1 210 223 253 338 276 354 393 355 330 428 289 479 384 479 0
1 202 299 305 419 277 470 424 468 350 559 301 631 411 630 0
1 201 290 282 408 266 440 406 442 333 524 282 600 391 601 0
1 231 293 257 347 295 440 416 443 351 520 310 566 405 568 0
0.999998 138 366 308 399 199 517 356 515 270 604 221 678 339 676 0
1 220 269 256 350 286 396 401 397 337 475 304 536 389 537 0
1 197 210 351 487 278 412 453 410 361 514 301 595 436 593 0
0.999999 177 152 267 370 246 298 377 295 314 364 267 438 368 435 0
0.999997 230 221 267 390 298 375 427 378 356 449 310 524 410 527 0
0.999998 219 251 285 379 294 394 436 398 367 475 308 542 417 545 0
0.999999 228 295 285 374 306 435 447 434 383 505 326 580 435 579 0
0.999991 243 226 190 259 303 319 388 320 350 364 312 415 380 415 0
0.999943 249 202 210 267 302 305 393 301 348 367 318 405 392 401 0
0.999998 193 217 291 384 269 353 409 369 332 458 271 507 377 521 0
0.999986 248 409 292 408 309 569 438 565 361 654 330 715 442 711 0
0.999996 254 228 270 387 342 368 467 373 411 452 343 500 455 504 0
0.999977 200 148 326 443 306 315 458 328 384 423 305 484 423 496 0
1 219 280 281 387 303 447 436 430 389 518 337 591 435 577 0
1 146 216 333 450 213 387 375 391 281 497 232 562 356 566 0
0.999743 316 226 185 273 361 338 447 338 402 397 369 432 442 432 0
0.999971 294 231 215 313 346 361 444 366 390 436 353 464 443 467 0
0.999998 243 290 268 397 288 460 417 454 339 543 308 606 412 602 0
1 225 203 238 310 280 320 393 317 333 387 299 443 386 440 0
0.999969 265 303 232 329 320 431 434 433 372 509 327 541 434 542 0
0.999987 250 298 265 375 316 449 444 452 376 531 326 584 433 587 0
0.999869 211 181 323 441 286 344 438 355 347 448 296 512 418 521 0
0.999991 237 367 278 371 301 504 434 511 357 596 312 650 413 656 0
0.999999 210 246 246 334 269 386 384 391 319 459 281 505 371 509 0
1 214 230 253 355 275 378 395 375 332 448 293 509 387 507 0
1 170 123 262 340 229 239 359 250 282 299 233 377 329 386 0
0.999999 224 316 271 367 295 471 419 467 356 537 316 608 408 605 0
0.999996 252 282 252 355 318 412 436 415 380 478 335 549 423 550 0
0.999992 219 249 223 314 269 376 374 373 316 434 283 491 367 489 0
0.999999 205 244 319 414 278 395 436 397 350 495 299 562 417 563 0
0.999986 249 129 238 291 312 230 421 231 367 297 326 348 406 349 0
0.999996 225 211 243 296 289 310 404 313 345 377 304 433 388 435 0
1 199 277 306 418 272 438 419 444 340 533 290 602 399 607 0
0.999936 289 319 242 290 351 411 470 418 408 478 361 530 447 536 0
1 222 120 271 368 298 257 422 262 356 324 307 396 406 400 0
0.999999 142 378 263 353 213 508 334 505 276 575 231 644 326 641 0
0.999998 256 409 252 331 315 549 429 544 368 620 332 665 428 661 0
1 159 244 300 391 231 396 373 391 303 479 257 550 362 546 0
0.999999 216 293 234 311 273 415 381 417 323 485 288 533 367 535 0
1 170 264 301 385 244 414 385 410 314 492 266 563 369 560 0
1 174 281 272 348 244 417 371 419 306 487 258 549 353 551 0
1 153 328 352 435 236 481 408 490 310 584 251 666 371 674 0
1 178 251 251 324 245 377 363 377 302 450 261 505 350 505 0
1 176 297 303 376 249 437 397 436 322 519 272 592 376 591 0
0.999996 216 308 238 331 273 449 384 445 328 515 295 569 377 566 0
1 185 215 287 395 265 365 394 367 329 438 279 514 380 516 0
0.999922 224 281 196 275 286 390 375 389 337 443 293 485 371 485 0
0.999936 292 289 179 256 345 388 429 392 387 439 346 476 422 480 0
0.999855 279 282 184 263 333 385 419 385 377 433 339 474 413 474 0
0.99999 301 241 220 302 351 355 450 357 392 413 360 466 438 468 0
0.999995 257 204 243 320 318 331 432 337 372 408 328 450 414 455 0
0.999998 230 275 283 358 305 404 434 397 371 481 329 548 426 543 0
0.999998 250 297 223 286 307 395 410 395 357 454 318 509 399 508 0
1 53 73 346 472 131 265 302 269 209 356 151 445 278 448 0
0.999999 184 377 269 375 247 514 374 516 301 583 254 657 359 659 0
1 157 405 301 426 215 574 358 564 281 658 243 734 354 726 0
0.999993 239 336 310 425 311 502 454 495 380 576 330 658 447 653 0
1 286 315 270 349 355 451 481 444 419 509 370 575 481 569 0
0.999999 226 152 258 361 296 295 411 298 349 371 309 428 401 431 0
0.999951 220 172 313 429 292 337 442 333 361 431 315 505 431 502 0
0.999998 255 293 286 378 317 442 446 449 364 518 322 584 422 589 0
0.999998 161 428 242 342 247 571 359 571 312 647 254 688 347 688 0
0.999992 259 241 239 330 315 357 424 362 362 436 326 479 419 482 0
0.999996 283 279 199 273 337 384 430 389 381 435 340 481 420 485 0
0.999996 261 249 258 360 320 390 445 384 379 462 342 529 438 524 0
0.999999 289 280 208 298 340 393 438 402 380 456 342 505 421 513 0
0.999999 228 225 251 345 292 351 410 362 342 437 301 488 387 497 0
0.999999 209 320 260 356 280 451 405 459 340 544 289 594 381 602 0
1 193 416 300 409 260 570 410 571 330 671 279 735 389 735 0
0.999991 234 236 293 414 302 397 448 401 369 487 315 556 426 559 0
0.999999 222 203 250 321 279 316 398 318 332 389 291 448 382 449 0
0.999987 251 279 203 283 309 394 401 394 354 457 317 491 396 491 0
0.999999 226 292 251 348 282 429 400 431 331 506 296 557 390 558 0
1 226 284 258 345 289 419 411 423 342 484 299 549 392 553 0
0.999997 146 91 225 308 207 202 308 206 253 267 215 316 294 319 0
0.999996 202 383 221 312 245 501 348 503 286 563 256 618 337 620 0
0.999999 190 151 308 410 257 306 404 308 321 390 274 465 388 466 0
1 219 242 275 352 305 365 430 368 374 440 322 509 414 511 0
0.999974 296 224 189 248 357 314 442 317 400 362 362 405 432 407 0
1 264 340 253 352 325 481 443 476 382 552 338 603 442 599 0
1 218 275 269 354 299 406 425 415 361 488 310 548 404 555 0
0.999999 296 279 245 328 360 399 472 410 407 473 365 527 446 536 0
1 233 261 253 340 307 384 421 392 360 447 314 514 402 520 0
1 265 233 313 407 343 376 494 390 407 457 348 537 459 548 0
1 220 278 301 395 303 420 447 434 371 493 309 574 419 586 0
1 233 212 273 365 313 350 435 361 370 421 319 487 411 496 0
0.999999 247 167 303 399 344 312 484 317 423 387 360 465 469 468 0
1 190 194 277 380 257 345 388 344 317 427 269 480 383 479 0
0.999969 260 234 202 268 307 342 402 343 349 398 318 439 390 439 0
1 201 199 334 486 273 389 438 397 342 498 286 577 411 584 0
0.99998 242 270 274 373 300 415 428 414 354 489 309 538 430 537 0
1 191 360 280 376 261 506 387 499 318 578 282 654 377 649 0
0.999999 240 257 244 326 310 392 426 392 370 469 324 512 412 512 0
1 182 282 272 361 247 423 380 419 314 488 264 558 368 554 0
0.999997 244 211 286 387 310 362 445 353 379 447 337 512 446 503 0
0.999994 163 192 266 356 245 335 369 351 304 420 238 456 346 468 0
0.999999 225 248 245 326 295 371 407 373 350 448 306 491 401 491 0
1 264 442 252 326 330 558 447 557 387 628 345 689 436 688 0
